000 06E12000100b 00000000 00000001 0000000B 00000000 00000000 00000000 00000000 00000000 00000000 00000000 00000000 00000000 00000000 00000000 00000000 00000000
001 104100100000 00000000 00000100 00000000 00000000 00000000 00000000 00000000 00000000 00000000 00000000 00000000 00000000 00000000 00000000 00000800 00000000
002 105100101000 00000000 00000101 00000000 00000000 00000005 00000000 00000000 00000000 00000000 00000000 00000000 00000000 00000000 00000000 00000800 00000000
003 0FF002000006 00000000 00000000 00000006 00000000 00000005 00000001 00000000 00000000 00000000 00000000 00000000 00000000 00000000 00000000 00000800 00000000
006 00EE20000ffc 00000000 00000000 FFFFFFFC 00000000 00000005 00000001 00000000 00000000 00000000 00000000 00000000 00000000 00000000 00000000 00000800 00000004
007 110E25000003 00000000 00000000 00000003 00000000 00000005 00000001 00000000 00000000 00000000 00000000 00000000 00000000 00000000 00000000 000007FC 00000004
008 110E24000002 00000000 00000000 00000002 00000000 00000005 00000001 00000000 00000000 00000000 00000000 00000000 00000000 00000000 00000000 000007FC 00000004
009 110E2F000001 00000000 00000000 00000001 00000000 00000005 00000001 00000000 00000000 00000000 00000000 00000000 00000000 00000000 00000000 000007FC 00000004
00A 110E2A000000 00000000 00000000 00000000 00000000 00000005 00000001 00000000 00000000 00000000 00000000 00000000 00000000 00000000 00000000 000007FC 00000004
00B 017540000000 00000000 00000000 00000000 00000000 00000005 00000001 00000000 00000000 00000000 00000000 00000000 00000000 00000000 00000000 000007FC 00000004
00C 008500000000 00000000 00000000 00000000 00000000 00000005 00000001 00000000 FFFFFFFC 00000000 00000000 00000000 00000000 00000000 00000000 000007FC 00000004
00D 028870000000 00000000 00000000 00000000 00000000 00000005 00000001 00000000 FFFFFFFC 00000001 00000000 00000000 00000000 00000000 00000000 000007FC 00000004
00E 0A0812000011 00000000 00000000 00000011 00000000 00000005 00000001 00000000 FFFFFFFC FFFFFFFC 00000000 00000000 00000000 00000000 00000000 000007FC 00000004
011 004410fff000 00000000 FFFFFFFF 00000000 00000000 00000005 00000001 00000000 FFFFFFFC FFFFFFFC 00000000 00000000 00000000 00000000 00000000 000007FC 00000004
012 005510fff000 00000000 FFFFFFFF 00000000 00000000 00000004 00000001 00000000 FFFFFFFC FFFFFFFC 00000000 00000000 00000000 00000000 00000000 000007FC 00000004
013 0FF001006000 00000000 00000006 00000000 00000000 00000004 00000000 00000000 FFFFFFFC FFFFFFFC 00000000 00000000 00000000 00000000 00000000 000007FC 00000004
006 00EE20000ffc 00000000 00000000 FFFFFFFC 00000000 00000004 00000000 00000000 FFFFFFFC FFFFFFFC 00000000 00000000 00000000 00000000 00000000 000007FC 00000014
007 110E25000003 00000000 00000000 00000003 00000000 00000004 00000000 00000000 FFFFFFFC FFFFFFFC 00000000 00000000 00000000 00000000 00000000 000007F8 00000014
008 110E24000002 00000000 00000000 00000002 00000000 00000004 00000000 00000000 FFFFFFFC FFFFFFFC 00000000 00000000 00000000 00000000 00000000 000007F8 00000014
009 110E2F000001 00000000 00000000 00000001 00000000 00000004 00000000 00000000 FFFFFFFC FFFFFFFC 00000000 00000000 00000000 00000000 00000000 000007F8 00000014
00A 110E2A000000 00000000 00000000 00000000 00000000 00000004 00000000 00000000 FFFFFFFC FFFFFFFC 00000000 00000000 00000000 00000000 00000000 000007F8 00000014
00B 017540000000 00000000 00000000 00000000 00000000 00000004 00000000 00000000 FFFFFFFC FFFFFFFC 00000000 00000000 00000000 00000000 00000000 000007F8 00000014
00C 008500000000 00000000 00000000 00000000 00000000 00000004 00000000 00000000 FFFFFFFC FFFFFFFC 00000000 00000000 00000000 00000000 00000000 000007F8 00000014
00D 028870000000 00000000 00000000 00000000 00000000 00000004 00000000 00000000 FFFFFFFC 00000000 00000000 00000000 00000000 00000000 00000000 000007F8 00000014
00E 0A0812000011 00000000 00000000 00000011 00000000 00000004 00000000 00000000 FFFFFFFC 00000000 00000000 00000000 00000000 00000000 00000000 000007F8 00000014
00F 003010001000 00000000 00000001 00000000 00000000 00000004 00000000 00000000 FFFFFFFC 00000000 00000000 00000000 00000000 00000000 00000000 000007F8 00000014
010 09000200001c 00000000 00000000 0000001C 00000001 00000004 00000000 00000000 FFFFFFFC 00000000 00000000 00000000 00000000 00000000 00000000 000007F8 00000014
01C 00EE20000004 00000000 00000000 00000004 00000001 00000004 00000000 00000000 FFFFFFFC 00000000 00000000 00000000 00000000 00000000 00000000 000007F8 00000014
01D 09000F000000 00000000 00000000 00000000 00000001 00000004 00000000 00000000 FFFFFFFC 00000000 00000000 00000000 00000000 00000000 00000000 000007FC 00000014
014 00A300000000 00000000 00000000 00000000 00000001 00000004 00000000 00000000 FFFFFFFC 00000000 00000000 00000000 00000000 00000000 00000000 000007FC 00000014
015 005510001000 00000000 00000001 00000000 00000001 00000004 00000000 00000000 FFFFFFFC 00000000 00000000 00000001 00000000 00000000 00000000 000007FC 00000014
016 0FF002000006 00000000 00000000 00000006 00000001 00000004 00000001 00000000 FFFFFFFC 00000000 00000000 00000001 00000000 00000000 00000000 000007FC 00000014
006 00EE20000ffc 00000000 00000000 FFFFFFFC 00000001 00000004 00000001 00000000 FFFFFFFC 00000000 00000000 00000001 00000000 00000000 00000000 000007FC 00000017
007 110E25000003 00000000 00000000 00000003 00000001 00000004 00000001 00000000 FFFFFFFC 00000000 00000000 00000001 00000000 00000000 00000000 000007F8 00000017
008 110E24000002 00000000 00000000 00000002 00000001 00000004 00000001 00000000 FFFFFFFC 00000000 00000000 00000001 00000000 00000000 00000000 000007F8 00000017
009 110E2F000001 00000000 00000000 00000001 00000001 00000004 00000001 00000000 FFFFFFFC 00000000 00000000 00000001 00000000 00000000 00000000 000007F8 00000017
00A 110E2A000000 00000000 00000000 00000000 00000001 00000004 00000001 00000000 FFFFFFFC 00000000 00000000 00000001 00000000 00000000 00000000 000007F8 00000017
00B 017540000000 00000000 00000000 00000000 00000001 00000004 00000001 00000000 FFFFFFFC 00000000 00000000 00000001 00000000 00000000 00000000 000007F8 00000017
00C 008500000000 00000000 00000000 00000000 00000001 00000004 00000001 00000000 FFFFFFFD 00000000 00000000 00000001 00000000 00000000 00000000 000007F8 00000017
00D 028870000000 00000000 00000000 00000000 00000001 00000004 00000001 00000000 FFFFFFFD 00000001 00000000 00000001 00000000 00000000 00000000 000007F8 00000017
00E 0A0812000011 00000000 00000000 00000011 00000001 00000004 00000001 00000000 FFFFFFFD FFFFFFFD 00000000 00000001 00000000 00000000 00000000 000007F8 00000017
011 004410fff000 00000000 FFFFFFFF 00000000 00000001 00000004 00000001 00000000 FFFFFFFD FFFFFFFD 00000000 00000001 00000000 00000000 00000000 000007F8 00000017
012 005510fff000 00000000 FFFFFFFF 00000000 00000001 00000003 00000001 00000000 FFFFFFFD FFFFFFFD 00000000 00000001 00000000 00000000 00000000 000007F8 00000017
013 0FF001006000 00000000 00000006 00000000 00000001 00000003 00000000 00000000 FFFFFFFD FFFFFFFD 00000000 00000001 00000000 00000000 00000000 000007F8 00000017
006 00EE20000ffc 00000000 00000000 FFFFFFFC 00000001 00000003 00000000 00000000 FFFFFFFD FFFFFFFD 00000000 00000001 00000000 00000000 00000000 000007F8 00000014
007 110E25000003 00000000 00000000 00000003 00000001 00000003 00000000 00000000 FFFFFFFD FFFFFFFD 00000000 00000001 00000000 00000000 00000000 000007F4 00000014
008 110E24000002 00000000 00000000 00000002 00000001 00000003 00000000 00000000 FFFFFFFD FFFFFFFD 00000000 00000001 00000000 00000000 00000000 000007F4 00000014
009 110E2F000001 00000000 00000000 00000001 00000001 00000003 00000000 00000000 FFFFFFFD FFFFFFFD 00000000 00000001 00000000 00000000 00000000 000007F4 00000014
00A 110E2A000000 00000000 00000000 00000000 00000001 00000003 00000000 00000000 FFFFFFFD FFFFFFFD 00000000 00000001 00000000 00000000 00000000 000007F4 00000014
00B 017540000000 00000000 00000000 00000000 00000001 00000003 00000000 00000000 FFFFFFFD FFFFFFFD 00000000 00000001 00000000 00000000 00000000 000007F4 00000014
00C 008500000000 00000000 00000000 00000000 00000001 00000003 00000000 00000000 FFFFFFFD FFFFFFFD 00000000 00000001 00000000 00000000 00000000 000007F4 00000014
00D 028870000000 00000000 00000000 00000000 00000001 00000003 00000000 00000000 FFFFFFFD 00000000 00000000 00000001 00000000 00000000 00000000 000007F4 00000014
00E 0A0812000011 00000000 00000000 00000011 00000001 00000003 00000000 00000000 FFFFFFFD 00000000 00000000 00000001 00000000 00000000 00000000 000007F4 00000014
00F 003010001000 00000000 00000001 00000000 00000001 00000003 00000000 00000000 FFFFFFFD 00000000 00000000 00000001 00000000 00000000 00000000 000007F4 00000014
010 09000200001c 00000000 00000000 0000001C 00000001 00000003 00000000 00000000 FFFFFFFD 00000000 00000000 00000001 00000000 00000000 00000000 000007F4 00000014
01C 00EE20000004 00000000 00000000 00000004 00000001 00000003 00000000 00000000 FFFFFFFD 00000000 00000000 00000001 00000000 00000000 00000000 000007F4 00000014
01D 09000F000000 00000000 00000000 00000000 00000001 00000003 00000000 00000000 FFFFFFFD 00000000 00000000 00000001 00000000 00000000 00000000 000007F8 00000014
014 00A300000000 00000000 00000000 00000000 00000001 00000003 00000000 00000000 FFFFFFFD 00000000 00000000 00000001 00000000 00000000 00000000 000007F8 00000014
015 005510001000 00000000 00000001 00000000 00000001 00000003 00000000 00000000 FFFFFFFD 00000000 00000000 00000001 00000000 00000000 00000000 000007F8 00000014
016 0FF002000006 00000000 00000000 00000006 00000001 00000003 00000001 00000000 FFFFFFFD 00000000 00000000 00000001 00000000 00000000 00000000 000007F8 00000014
006 00EE20000ffc 00000000 00000000 FFFFFFFC 00000001 00000003 00000001 00000000 FFFFFFFD 00000000 00000000 00000001 00000000 00000000 00000000 000007F8 00000017
007 110E25000003 00000000 00000000 00000003 00000001 00000003 00000001 00000000 FFFFFFFD 00000000 00000000 00000001 00000000 00000000 00000000 000007F4 00000017
008 110E24000002 00000000 00000000 00000002 00000001 00000003 00000001 00000000 FFFFFFFD 00000000 00000000 00000001 00000000 00000000 00000000 000007F4 00000017
009 110E2F000001 00000000 00000000 00000001 00000001 00000003 00000001 00000000 FFFFFFFD 00000000 00000000 00000001 00000000 00000000 00000000 000007F4 00000017
00A 110E2A000000 00000000 00000000 00000000 00000001 00000003 00000001 00000000 FFFFFFFD 00000000 00000000 00000001 00000000 00000000 00000000 000007F4 00000017
00B 017540000000 00000000 00000000 00000000 00000001 00000003 00000001 00000000 FFFFFFFD 00000000 00000000 00000001 00000000 00000000 00000000 000007F4 00000017
00C 008500000000 00000000 00000000 00000000 00000001 00000003 00000001 00000000 FFFFFFFE 00000000 00000000 00000001 00000000 00000000 00000000 000007F4 00000017
00D 028870000000 00000000 00000000 00000000 00000001 00000003 00000001 00000000 FFFFFFFE 00000001 00000000 00000001 00000000 00000000 00000000 000007F4 00000017
00E 0A0812000011 00000000 00000000 00000011 00000001 00000003 00000001 00000000 FFFFFFFE FFFFFFFE 00000000 00000001 00000000 00000000 00000000 000007F4 00000017
011 004410fff000 00000000 FFFFFFFF 00000000 00000001 00000003 00000001 00000000 FFFFFFFE FFFFFFFE 00000000 00000001 00000000 00000000 00000000 000007F4 00000017
012 005510fff000 00000000 FFFFFFFF 00000000 00000001 00000002 00000001 00000000 FFFFFFFE FFFFFFFE 00000000 00000001 00000000 00000000 00000000 000007F4 00000017
013 0FF001006000 00000000 00000006 00000000 00000001 00000002 00000000 00000000 FFFFFFFE FFFFFFFE 00000000 00000001 00000000 00000000 00000000 000007F4 00000017
006 00EE20000ffc 00000000 00000000 FFFFFFFC 00000001 00000002 00000000 00000000 FFFFFFFE FFFFFFFE 00000000 00000001 00000000 00000000 00000000 000007F4 00000014
007 110E25000003 00000000 00000000 00000003 00000001 00000002 00000000 00000000 FFFFFFFE FFFFFFFE 00000000 00000001 00000000 00000000 00000000 000007F0 00000014
008 110E24000002 00000000 00000000 00000002 00000001 00000002 00000000 00000000 FFFFFFFE FFFFFFFE 00000000 00000001 00000000 00000000 00000000 000007F0 00000014
009 110E2F000001 00000000 00000000 00000001 00000001 00000002 00000000 00000000 FFFFFFFE FFFFFFFE 00000000 00000001 00000000 00000000 00000000 000007F0 00000014
00A 110E2A000000 00000000 00000000 00000000 00000001 00000002 00000000 00000000 FFFFFFFE FFFFFFFE 00000000 00000001 00000000 00000000 00000000 000007F0 00000014
00B 017540000000 00000000 00000000 00000000 00000001 00000002 00000000 00000000 FFFFFFFE FFFFFFFE 00000000 00000001 00000000 00000000 00000000 000007F0 00000014
00C 008500000000 00000000 00000000 00000000 00000001 00000002 00000000 00000000 FFFFFFFE FFFFFFFE 00000000 00000001 00000000 00000000 00000000 000007F0 00000014
00D 028870000000 00000000 00000000 00000000 00000001 00000002 00000000 00000000 FFFFFFFE 00000000 00000000 00000001 00000000 00000000 00000000 000007F0 00000014
00E 0A0812000011 00000000 00000000 00000011 00000001 00000002 00000000 00000000 FFFFFFFE 00000000 00000000 00000001 00000000 00000000 00000000 000007F0 00000014
00F 003010001000 00000000 00000001 00000000 00000001 00000002 00000000 00000000 FFFFFFFE 00000000 00000000 00000001 00000000 00000000 00000000 000007F0 00000014
010 09000200001c 00000000 00000000 0000001C 00000001 00000002 00000000 00000000 FFFFFFFE 00000000 00000000 00000001 00000000 00000000 00000000 000007F0 00000014
01C 00EE20000004 00000000 00000000 00000004 00000001 00000002 00000000 00000000 FFFFFFFE 00000000 00000000 00000001 00000000 00000000 00000000 000007F0 00000014
01D 09000F000000 00000000 00000000 00000000 00000001 00000002 00000000 00000000 FFFFFFFE 00000000 00000000 00000001 00000000 00000000 00000000 000007F4 00000014
014 00A300000000 00000000 00000000 00000000 00000001 00000002 00000000 00000000 FFFFFFFE 00000000 00000000 00000001 00000000 00000000 00000000 000007F4 00000014
015 005510001000 00000000 00000001 00000000 00000001 00000002 00000000 00000000 FFFFFFFE 00000000 00000000 00000001 00000000 00000000 00000000 000007F4 00000014
016 0FF002000006 00000000 00000000 00000006 00000001 00000002 00000001 00000000 FFFFFFFE 00000000 00000000 00000001 00000000 00000000 00000000 000007F4 00000014
006 00EE20000ffc 00000000 00000000 FFFFFFFC 00000001 00000002 00000001 00000000 FFFFFFFE 00000000 00000000 00000001 00000000 00000000 00000000 000007F4 00000017
007 110E25000003 00000000 00000000 00000003 00000001 00000002 00000001 00000000 FFFFFFFE 00000000 00000000 00000001 00000000 00000000 00000000 000007F0 00000017
008 110E24000002 00000000 00000000 00000002 00000001 00000002 00000001 00000000 FFFFFFFE 00000000 00000000 00000001 00000000 00000000 00000000 000007F0 00000017
009 110E2F000001 00000000 00000000 00000001 00000001 00000002 00000001 00000000 FFFFFFFE 00000000 00000000 00000001 00000000 00000000 00000000 000007F0 00000017
00A 110E2A000000 00000000 00000000 00000000 00000001 00000002 00000001 00000000 FFFFFFFE 00000000 00000000 00000001 00000000 00000000 00000000 000007F0 00000017
00B 017540000000 00000000 00000000 00000000 00000001 00000002 00000001 00000000 FFFFFFFE 00000000 00000000 00000001 00000000 00000000 00000000 000007F0 00000017
00C 008500000000 00000000 00000000 00000000 00000001 00000002 00000001 00000000 FFFFFFFF 00000000 00000000 00000001 00000000 00000000 00000000 000007F0 00000017
00D 028870000000 00000000 00000000 00000000 00000001 00000002 00000001 00000000 FFFFFFFF 00000001 00000000 00000001 00000000 00000000 00000000 000007F0 00000017
00E 0A0812000011 00000000 00000000 00000011 00000001 00000002 00000001 00000000 FFFFFFFF FFFFFFFF 00000000 00000001 00000000 00000000 00000000 000007F0 00000017
011 004410fff000 00000000 FFFFFFFF 00000000 00000001 00000002 00000001 00000000 FFFFFFFF FFFFFFFF 00000000 00000001 00000000 00000000 00000000 000007F0 00000017
012 005510fff000 00000000 FFFFFFFF 00000000 00000001 00000001 00000001 00000000 FFFFFFFF FFFFFFFF 00000000 00000001 00000000 00000000 00000000 000007F0 00000017
013 0FF001006000 00000000 00000006 00000000 00000001 00000001 00000000 00000000 FFFFFFFF FFFFFFFF 00000000 00000001 00000000 00000000 00000000 000007F0 00000017
006 00EE20000ffc 00000000 00000000 FFFFFFFC 00000001 00000001 00000000 00000000 FFFFFFFF FFFFFFFF 00000000 00000001 00000000 00000000 00000000 000007F0 00000014
007 110E25000003 00000000 00000000 00000003 00000001 00000001 00000000 00000000 FFFFFFFF FFFFFFFF 00000000 00000001 00000000 00000000 00000000 000007EC 00000014
008 110E24000002 00000000 00000000 00000002 00000001 00000001 00000000 00000000 FFFFFFFF FFFFFFFF 00000000 00000001 00000000 00000000 00000000 000007EC 00000014
009 110E2F000001 00000000 00000000 00000001 00000001 00000001 00000000 00000000 FFFFFFFF FFFFFFFF 00000000 00000001 00000000 00000000 00000000 000007EC 00000014
00A 110E2A000000 00000000 00000000 00000000 00000001 00000001 00000000 00000000 FFFFFFFF FFFFFFFF 00000000 00000001 00000000 00000000 00000000 000007EC 00000014
00B 017540000000 00000000 00000000 00000000 00000001 00000001 00000000 00000000 FFFFFFFF FFFFFFFF 00000000 00000001 00000000 00000000 00000000 000007EC 00000014
00C 008500000000 00000000 00000000 00000000 00000001 00000001 00000000 00000000 FFFFFFFF FFFFFFFF 00000000 00000001 00000000 00000000 00000000 000007EC 00000014
00D 028870000000 00000000 00000000 00000000 00000001 00000001 00000000 00000000 FFFFFFFF 00000000 00000000 00000001 00000000 00000000 00000000 000007EC 00000014
00E 0A0812000011 00000000 00000000 00000011 00000001 00000001 00000000 00000000 FFFFFFFF 00000000 00000000 00000001 00000000 00000000 00000000 000007EC 00000014
00F 003010001000 00000000 00000001 00000000 00000001 00000001 00000000 00000000 FFFFFFFF 00000000 00000000 00000001 00000000 00000000 00000000 000007EC 00000014
010 09000200001c 00000000 00000000 0000001C 00000001 00000001 00000000 00000000 FFFFFFFF 00000000 00000000 00000001 00000000 00000000 00000000 000007EC 00000014
01C 00EE20000004 00000000 00000000 00000004 00000001 00000001 00000000 00000000 FFFFFFFF 00000000 00000000 00000001 00000000 00000000 00000000 000007EC 00000014
01D 09000F000000 00000000 00000000 00000000 00000001 00000001 00000000 00000000 FFFFFFFF 00000000 00000000 00000001 00000000 00000000 00000000 000007F0 00000014
014 00A300000000 00000000 00000000 00000000 00000001 00000001 00000000 00000000 FFFFFFFF 00000000 00000000 00000001 00000000 00000000 00000000 000007F0 00000014
015 005510001000 00000000 00000001 00000000 00000001 00000001 00000000 00000000 FFFFFFFF 00000000 00000000 00000001 00000000 00000000 00000000 000007F0 00000014
016 0FF002000006 00000000 00000000 00000006 00000001 00000001 00000001 00000000 FFFFFFFF 00000000 00000000 00000001 00000000 00000000 00000000 000007F0 00000014
006 00EE20000ffc 00000000 00000000 FFFFFFFC 00000001 00000001 00000001 00000000 FFFFFFFF 00000000 00000000 00000001 00000000 00000000 00000000 000007F0 00000017
007 110E25000003 00000000 00000000 00000003 00000001 00000001 00000001 00000000 FFFFFFFF 00000000 00000000 00000001 00000000 00000000 00000000 000007EC 00000017
008 110E24000002 00000000 00000000 00000002 00000001 00000001 00000001 00000000 FFFFFFFF 00000000 00000000 00000001 00000000 00000000 00000000 000007EC 00000017
009 110E2F000001 00000000 00000000 00000001 00000001 00000001 00000001 00000000 FFFFFFFF 00000000 00000000 00000001 00000000 00000000 00000000 000007EC 00000017
00A 110E2A000000 00000000 00000000 00000000 00000001 00000001 00000001 00000000 FFFFFFFF 00000000 00000000 00000001 00000000 00000000 00000000 000007EC 00000017
00B 017540000000 00000000 00000000 00000000 00000001 00000001 00000001 00000000 FFFFFFFF 00000000 00000000 00000001 00000000 00000000 00000000 000007EC 00000017
00C 008500000000 00000000 00000000 00000000 00000001 00000001 00000001 00000000 00000000 00000000 00000000 00000001 00000000 00000000 00000000 000007EC 00000017
00D 028870000000 00000000 00000000 00000000 00000001 00000001 00000001 00000000 00000000 00000001 00000000 00000001 00000000 00000000 00000000 000007EC 00000017
00E 0A0812000011 00000000 00000000 00000011 00000001 00000001 00000001 00000000 00000000 00000000 00000000 00000001 00000000 00000000 00000000 000007EC 00000017
00F 003010001000 00000000 00000001 00000000 00000001 00000001 00000001 00000000 00000000 00000000 00000000 00000001 00000000 00000000 00000000 000007EC 00000017
010 09000200001c 00000000 00000000 0000001C 00000001 00000001 00000001 00000000 00000000 00000000 00000000 00000001 00000000 00000000 00000000 000007EC 00000017
01C 00EE20000004 00000000 00000000 00000004 00000001 00000001 00000001 00000000 00000000 00000000 00000000 00000001 00000000 00000000 00000000 000007EC 00000017
01D 09000F000000 00000000 00000000 00000000 00000001 00000001 00000001 00000000 00000000 00000000 00000000 00000001 00000000 00000000 00000000 000007F0 00000017
017 0033A0000000 00000000 00000000 00000000 00000001 00000001 00000001 00000000 00000000 00000000 00000000 00000001 00000000 00000000 00000000 000007F0 00000017
018 105E20000003 00000000 00000000 00000003 00000002 00000001 00000001 00000000 00000000 00000000 00000000 00000001 00000000 00000000 00000000 000007F0 00000017
019 104E20000002 00000000 00000000 00000002 00000002 00000001 00000001 00000000 00000000 00000000 00000000 00000001 00000000 00000000 00000000 000007F0 00000017
01A 10FE20000001 00000000 00000000 00000001 00000002 00000002 00000001 00000000 00000000 00000000 00000000 00000001 00000000 00000000 00000000 000007F0 00000017
01B 10AE20000000 00000000 00000000 00000000 00000002 00000002 00000001 00000000 00000000 00000000 00000000 00000001 00000000 00000000 00000000 000007F0 00000017
01C 00EE20000004 00000000 00000000 00000004 00000002 00000002 00000001 00000000 00000000 00000000 00000000 00000001 00000000 00000000 00000000 000007F0 00000017
01D 09000F000000 00000000 00000000 00000000 00000002 00000002 00000001 00000000 00000000 00000000 00000000 00000001 00000000 00000000 00000000 000007F4 00000017
017 0033A0000000 00000000 00000000 00000000 00000002 00000002 00000001 00000000 00000000 00000000 00000000 00000001 00000000 00000000 00000000 000007F4 00000017
018 105E20000003 00000000 00000000 00000003 00000003 00000002 00000001 00000000 00000000 00000000 00000000 00000001 00000000 00000000 00000000 000007F4 00000017
019 104E20000002 00000000 00000000 00000002 00000003 00000002 00000001 00000000 00000000 00000000 00000000 00000001 00000000 00000000 00000000 000007F4 00000017
01A 10FE20000001 00000000 00000000 00000001 00000003 00000003 00000001 00000000 00000000 00000000 00000000 00000001 00000000 00000000 00000000 000007F4 00000017
01B 10AE20000000 00000000 00000000 00000000 00000003 00000003 00000001 00000000 00000000 00000000 00000000 00000001 00000000 00000000 00000000 000007F4 00000017
01C 00EE20000004 00000000 00000000 00000004 00000003 00000003 00000001 00000000 00000000 00000000 00000000 00000001 00000000 00000000 00000000 000007F4 00000017
01D 09000F000000 00000000 00000000 00000000 00000003 00000003 00000001 00000000 00000000 00000000 00000000 00000001 00000000 00000000 00000000 000007F8 00000017
017 0033A0000000 00000000 00000000 00000000 00000003 00000003 00000001 00000000 00000000 00000000 00000000 00000001 00000000 00000000 00000000 000007F8 00000017
018 105E20000003 00000000 00000000 00000003 00000004 00000003 00000001 00000000 00000000 00000000 00000000 00000001 00000000 00000000 00000000 000007F8 00000017
019 104E20000002 00000000 00000000 00000002 00000004 00000003 00000001 00000000 00000000 00000000 00000000 00000001 00000000 00000000 00000000 000007F8 00000017
01A 10FE20000001 00000000 00000000 00000001 00000004 00000004 00000001 00000000 00000000 00000000 00000000 00000001 00000000 00000000 00000000 000007F8 00000017
01B 10AE20000000 00000000 00000000 00000000 00000004 00000004 00000001 00000000 00000000 00000000 00000000 00000001 00000000 00000000 00000000 000007F8 00000017
01C 00EE20000004 00000000 00000000 00000004 00000004 00000004 00000001 00000000 00000000 00000000 00000000 00000001 00000000 00000000 00000000 000007F8 00000017
01D 09000F000000 00000000 00000000 00000000 00000004 00000004 00000001 00000000 00000000 00000000 00000000 00000001 00000000 00000000 00000000 000007FC 00000017
017 0033A0000000 00000000 00000000 00000000 00000004 00000004 00000001 00000000 00000000 00000000 00000000 00000001 00000000 00000000 00000000 000007FC 00000017
018 105E20000003 00000000 00000000 00000003 00000005 00000004 00000001 00000000 00000000 00000000 00000000 00000001 00000000 00000000 00000000 000007FC 00000017
019 104E20000002 00000000 00000000 00000002 00000005 00000004 00000001 00000000 00000000 00000000 00000000 00000001 00000000 00000000 00000000 000007FC 00000017
01A 10FE20000001 00000000 00000000 00000001 00000005 00000005 00000001 00000000 00000000 00000000 00000000 00000001 00000000 00000000 00000000 000007FC 00000017
01B 10AE20000000 00000000 00000000 00000000 00000005 00000005 00000001 00000000 00000000 00000000 00000000 00000001 00000000 00000000 00000000 000007FC 00000004
01C 00EE20000004 00000000 00000000 00000004 00000005 00000005 00000001 00000000 00000000 00000000 00000000 00000000 00000000 00000000 00000000 000007FC 00000004
01D 09000F000000 00000000 00000000 00000000 00000005 00000005 00000001 00000000 00000000 00000000 00000000 00000000 00000000 00000000 00000000 00000800 00000004
004 110023000102 00000000 00000000 00000102 00000005 00000005 00000001 00000000 00000000 00000000 00000000 00000000 00000000 00000000 00000000 00000800 00000004
005 150000000000 00000000 00000000 00000000 00000005 00000005 00000001 00000000 00000000 00000000 00000000 00000000 00000000 00000000 00000000 00000800 00000004
