58 00010001
75 00000000
85 00020001
113 00000102
123 00030002
147 00010001
164 00000000
174 00020001
184 00040003
226 00010001
243 00000000
253 00020001
270 00010001
280 00030002
290 00050005
339 00010001
356 00000000
366 00020001
383 00010001
393 00030002
428 00010001
445 00000000
455 00020001
465 00040003
475 00060008
531 00010001
548 00000000
558 00020001
575 00010001
585 00030002
620 00010001
637 00000000
647 00020001
657 00040003
688 00010001
716 00000000
726 00020001
743 00010001
753 00030002
763 00050005
773 0007000d
