000 00A100001000 00000000 00000001 00000000 00000000 00000000 00000000 00000000 00000000 00000000 00000000 00000000 00000000 00000000 00000000 00000000 00000000
001 008100000000 00000000 00000000 00000000 00000000 00000000 00000000 00000000 00000000 00000000 00000000 00000001 00000000 00000000 00000000 00000000 00000000
002 137100011000 00000000 00000011 00000000 00000000 00000000 00000000 00000000 00000000 00000000 00000000 00000001 00000000 00000000 00000000 00000000 00000000
003 090712000006 00000000 00000000 00000006 00000000 00000000 00000000 00000000 00000000 00000000 00000000 00000001 00000000 00000000 00000000 00000000 00000000
006 090A12001008 00000000 00000001 00000008 00000000 00000000 00000000 00000000 00000000 00000000 00000000 00000001 00000000 00000000 00000000 00000000 00000000
008 029810010000 00000000 00000010 00000000 00000000 00000000 00000000 00000000 00000000 00000000 00000000 00000001 00000000 00000000 00000000 00000000 00000000
009 140109010000 00000000 00000010 00000000 00000000 00000000 00000000 00000000 00000000 00000000 00000000 00000001 00000000 00000000 00000000 00000000 00000000
00A 14010800f000 00000000 0000000F 00000000 00000000 00000000 00000000 00000000 00000000 00000000 00000000 00000001 00000000 00000000 00000000 00000000 00000000
00B 14010200e001 00000000 0000000E 00000001 00000000 00000000 00000000 00000000 00000000 00000000 00000000 00000001 00000000 00000000 00000000 00000000 00000000
00C 14010200e000 00000000 0000000E 00000000 00000000 00000000 00000000 00000000 00000000 00000000 00000000 00000001 00000000 00000000 00000000 00000000 00000000
00D 008810001000 00000000 00000001 00000000 00000000 00000000 00000000 00000000 00000000 00000000 00000000 00000001 00000000 00000000 00000000 00000000 00000000
00E 0B0812008002 00000000 00000008 00000002 00000000 00000000 00000000 00000000 00000000 00000001 00000000 00000001 00000000 00000000 00000000 00000000 00000000
002 137100011000 00000000 00000011 00000000 00000000 00000000 00000000 00000000 00000000 00000001 00000000 00000001 00000000 00000000 00000000 00000000 00000000
003 090712000006 00000000 00000000 00000006 00000000 00000000 00000000 00000000 00000001 00000001 00000000 00000001 00000000 00000000 00000000 00000000 00000000
004 090712001002 00000000 00000001 00000002 00000000 00000000 00000000 00000000 00000001 00000001 00000000 00000001 00000000 00000000 00000000 00000000 00000000
002 137100011000 00000000 00000011 00000000 00000000 00000000 00000000 00000000 00000001 00000001 00000000 00000001 00000000 00000000 00000000 00000000 00000000
003 090712000006 00000000 00000000 00000006 00000000 00000000 00000000 00000000 00000000 00000001 00000000 00000001 00000000 00000000 00000000 00000000 00000000
006 090A12001008 00000000 00000001 00000008 00000000 00000000 00000000 00000000 00000000 00000001 00000000 00000001 00000000 00000000 00000000 00000000 00000000
008 029810010000 00000000 00000010 00000000 00000000 00000000 00000000 00000000 00000000 00000001 00000000 00000001 00000000 00000000 00000000 00000000 00000000
009 140109010000 00000000 00000010 00000000 00000000 00000000 00000000 00000000 00000000 00000001 00000010 00000001 00000000 00000000 00000000 00000000 00000000
00A 14010800f000 00000000 0000000F 00000000 00000000 00000000 00000000 00000000 00000000 00000001 00000010 00000001 00000000 00000000 00000000 00000000 00000000
00B 14010200e001 00000000 0000000E 00000001 00000000 00000000 00000000 00000000 00000000 00000001 00000010 00000001 00000000 00000000 00000000 00000000 00000000
00C 14010200e000 00000000 0000000E 00000000 00000000 00000000 00000000 00000000 00000000 00000001 00000010 00000001 00000000 00000000 00000000 00000000 00000000
00D 008810001000 00000000 00000001 00000000 00000000 00000000 00000000 00000000 00000000 00000001 00000010 00000001 00000000 00000000 00000000 00000000 00000000
00E 0B0812008002 00000000 00000008 00000002 00000000 00000000 00000000 00000000 00000000 00000002 00000010 00000001 00000000 00000000 00000000 00000000 00000000
002 137100011000 00000000 00000011 00000000 00000000 00000000 00000000 00000000 00000000 00000002 00000010 00000001 00000000 00000000 00000000 00000000 00000000
003 090712000006 00000000 00000000 00000006 00000000 00000000 00000000 00000000 00000001 00000002 00000010 00000001 00000000 00000000 00000000 00000000 00000000
004 090712001002 00000000 00000001 00000002 00000000 00000000 00000000 00000000 00000001 00000002 00000010 00000001 00000000 00000000 00000000 00000000 00000000
002 137100011000 00000000 00000011 00000000 00000000 00000000 00000000 00000000 00000001 00000002 00000010 00000001 00000000 00000000 00000000 00000000 00000000
003 090712000006 00000000 00000000 00000006 00000000 00000000 00000000 00000000 00000000 00000002 00000010 00000001 00000000 00000000 00000000 00000000 00000000
006 090A12001008 00000000 00000001 00000008 00000000 00000000 00000000 00000000 00000000 00000002 00000010 00000001 00000000 00000000 00000000 00000000 00000000
008 029810010000 00000000 00000010 00000000 00000000 00000000 00000000 00000000 00000000 00000002 00000010 00000001 00000000 00000000 00000000 00000000 00000000
009 140109010000 00000000 00000010 00000000 00000000 00000000 00000000 00000000 00000000 00000002 00000020 00000001 00000000 00000000 00000000 00000000 00000000
00A 14010800f000 00000000 0000000F 00000000 00000000 00000000 00000000 00000000 00000000 00000002 00000020 00000001 00000000 00000000 00000000 00000000 00000000
00B 14010200e001 00000000 0000000E 00000001 00000000 00000000 00000000 00000000 00000000 00000002 00000020 00000001 00000000 00000000 00000000 00000000 00000000
00C 14010200e000 00000000 0000000E 00000000 00000000 00000000 00000000 00000000 00000000 00000002 00000020 00000001 00000000 00000000 00000000 00000000 00000000
00D 008810001000 00000000 00000001 00000000 00000000 00000000 00000000 00000000 00000000 00000002 00000020 00000001 00000000 00000000 00000000 00000000 00000000
00E 0B0812008002 00000000 00000008 00000002 00000000 00000000 00000000 00000000 00000000 00000003 00000020 00000001 00000000 00000000 00000000 00000000 00000000
002 137100011000 00000000 00000011 00000000 00000000 00000000 00000000 00000000 00000000 00000003 00000020 00000001 00000000 00000000 00000000 00000000 00000000
003 090712000006 00000000 00000000 00000006 00000000 00000000 00000000 00000000 00000001 00000003 00000020 00000001 00000000 00000000 00000000 00000000 00000000
004 090712001002 00000000 00000001 00000002 00000000 00000000 00000000 00000000 00000001 00000003 00000020 00000001 00000000 00000000 00000000 00000000 00000000
002 137100011000 00000000 00000011 00000000 00000000 00000000 00000000 00000000 00000001 00000003 00000020 00000001 00000000 00000000 00000000 00000000 00000000
003 090712000006 00000000 00000000 00000006 00000000 00000000 00000000 00000000 00000000 00000003 00000020 00000001 00000000 00000000 00000000 00000000 00000000
006 090A12001008 00000000 00000001 00000008 00000000 00000000 00000000 00000000 00000000 00000003 00000020 00000001 00000000 00000000 00000000 00000000 00000000
008 029810010000 00000000 00000010 00000000 00000000 00000000 00000000 00000000 00000000 00000003 00000020 00000001 00000000 00000000 00000000 00000000 00000000
009 140109010000 00000000 00000010 00000000 00000000 00000000 00000000 00000000 00000000 00000003 00000030 00000001 00000000 00000000 00000000 00000000 00000000
00A 14010800f000 00000000 0000000F 00000000 00000000 00000000 00000000 00000000 00000000 00000003 00000030 00000001 00000000 00000000 00000000 00000000 00000000
00B 14010200e001 00000000 0000000E 00000001 00000000 00000000 00000000 00000000 00000000 00000003 00000030 00000001 00000000 00000000 00000000 00000000 00000000
00C 14010200e000 00000000 0000000E 00000000 00000000 00000000 00000000 00000000 00000000 00000003 00000030 00000001 00000000 00000000 00000000 00000000 00000000
00D 008810001000 00000000 00000001 00000000 00000000 00000000 00000000 00000000 00000000 00000003 00000030 00000001 00000000 00000000 00000000 00000000 00000000
00E 0B0812008002 00000000 00000008 00000002 00000000 00000000 00000000 00000000 00000000 00000004 00000030 00000001 00000000 00000000 00000000 00000000 00000000
002 137100011000 00000000 00000011 00000000 00000000 00000000 00000000 00000000 00000000 00000004 00000030 00000001 00000000 00000000 00000000 00000000 00000000
003 090712000006 00000000 00000000 00000006 00000000 00000000 00000000 00000000 00000001 00000004 00000030 00000001 00000000 00000000 00000000 00000000 00000000
004 090712001002 00000000 00000001 00000002 00000000 00000000 00000000 00000000 00000001 00000004 00000030 00000001 00000000 00000000 00000000 00000000 00000000
002 137100011000 00000000 00000011 00000000 00000000 00000000 00000000 00000000 00000001 00000004 00000030 00000001 00000000 00000000 00000000 00000000 00000000
003 090712000006 00000000 00000000 00000006 00000000 00000000 00000000 00000000 00000000 00000004 00000030 00000001 00000000 00000000 00000000 00000000 00000000
006 090A12001008 00000000 00000001 00000008 00000000 00000000 00000000 00000000 00000000 00000004 00000030 00000001 00000000 00000000 00000000 00000000 00000000
008 029810010000 00000000 00000010 00000000 00000000 00000000 00000000 00000000 00000000 00000004 00000030 00000001 00000000 00000000 00000000 00000000 00000000
009 140109010000 00000000 00000010 00000000 00000000 00000000 00000000 00000000 00000000 00000004 00000040 00000001 00000000 00000000 00000000 00000000 00000000
00A 14010800f000 00000000 0000000F 00000000 00000000 00000000 00000000 00000000 00000000 00000004 00000040 00000001 00000000 00000000 00000000 00000000 00000000
00B 14010200e001 00000000 0000000E 00000001 00000000 00000000 00000000 00000000 00000000 00000004 00000040 00000001 00000000 00000000 00000000 00000000 00000000
00C 14010200e000 00000000 0000000E 00000000 00000000 00000000 00000000 00000000 00000000 00000004 00000040 00000001 00000000 00000000 00000000 00000000 00000000
00D 008810001000 00000000 00000001 00000000 00000000 00000000 00000000 00000000 00000000 00000004 00000040 00000001 00000000 00000000 00000000 00000000 00000000
00E 0B0812008002 00000000 00000008 00000002 00000000 00000000 00000000 00000000 00000000 00000005 00000040 00000001 00000000 00000000 00000000 00000000 00000000
002 137100011000 00000000 00000011 00000000 00000000 00000000 00000000 00000000 00000000 00000005 00000040 00000001 00000000 00000000 00000000 00000000 00000000
003 090712000006 00000000 00000000 00000006 00000000 00000000 00000000 00000000 00000001 00000005 00000040 00000001 00000000 00000000 00000000 00000000 00000000
004 090712001002 00000000 00000001 00000002 00000000 00000000 00000000 00000000 00000001 00000005 00000040 00000001 00000000 00000000 00000000 00000000 00000000
002 137100011000 00000000 00000011 00000000 00000000 00000000 00000000 00000000 00000001 00000005 00000040 00000001 00000000 00000000 00000000 00000000 00000000
003 090712000006 00000000 00000000 00000006 00000000 00000000 00000000 00000000 00000000 00000005 00000040 00000001 00000000 00000000 00000000 00000000 00000000
006 090A12001008 00000000 00000001 00000008 00000000 00000000 00000000 00000000 00000000 00000005 00000040 00000001 00000000 00000000 00000000 00000000 00000000
008 029810010000 00000000 00000010 00000000 00000000 00000000 00000000 00000000 00000000 00000005 00000040 00000001 00000000 00000000 00000000 00000000 00000000
009 140109010000 00000000 00000010 00000000 00000000 00000000 00000000 00000000 00000000 00000005 00000050 00000001 00000000 00000000 00000000 00000000 00000000
00A 14010800f000 00000000 0000000F 00000000 00000000 00000000 00000000 00000000 00000000 00000005 00000050 00000001 00000000 00000000 00000000 00000000 00000000
00B 14010200e001 00000000 0000000E 00000001 00000000 00000000 00000000 00000000 00000000 00000005 00000050 00000001 00000000 00000000 00000000 00000000 00000000
00C 14010200e000 00000000 0000000E 00000000 00000000 00000000 00000000 00000000 00000000 00000005 00000050 00000001 00000000 00000000 00000000 00000000 00000000
00D 008810001000 00000000 00000001 00000000 00000000 00000000 00000000 00000000 00000000 00000005 00000050 00000001 00000000 00000000 00000000 00000000 00000000
00E 0B0812008002 00000000 00000008 00000002 00000000 00000000 00000000 00000000 00000000 00000006 00000050 00000001 00000000 00000000 00000000 00000000 00000000
002 137100011000 00000000 00000011 00000000 00000000 00000000 00000000 00000000 00000000 00000006 00000050 00000001 00000000 00000000 00000000 00000000 00000000
003 090712000006 00000000 00000000 00000006 00000000 00000000 00000000 00000000 00000001 00000006 00000050 00000001 00000000 00000000 00000000 00000000 00000000
004 090712001002 00000000 00000001 00000002 00000000 00000000 00000000 00000000 00000001 00000006 00000050 00000001 00000000 00000000 00000000 00000000 00000000
002 137100011000 00000000 00000011 00000000 00000000 00000000 00000000 00000000 00000001 00000006 00000050 00000001 00000000 00000000 00000000 00000000 00000000
003 090712000006 00000000 00000000 00000006 00000000 00000000 00000000 00000000 00000000 00000006 00000050 00000001 00000000 00000000 00000000 00000000 00000000
006 090A12001008 00000000 00000001 00000008 00000000 00000000 00000000 00000000 00000000 00000006 00000050 00000001 00000000 00000000 00000000 00000000 00000000
008 029810010000 00000000 00000010 00000000 00000000 00000000 00000000 00000000 00000000 00000006 00000050 00000001 00000000 00000000 00000000 00000000 00000000
009 140109010000 00000000 00000010 00000000 00000000 00000000 00000000 00000000 00000000 00000006 00000060 00000001 00000000 00000000 00000000 00000000 00000000
00A 14010800f000 00000000 0000000F 00000000 00000000 00000000 00000000 00000000 00000000 00000006 00000060 00000001 00000000 00000000 00000000 00000000 00000000
00B 14010200e001 00000000 0000000E 00000001 00000000 00000000 00000000 00000000 00000000 00000006 00000060 00000001 00000000 00000000 00000000 00000000 00000000
00C 14010200e000 00000000 0000000E 00000000 00000000 00000000 00000000 00000000 00000000 00000006 00000060 00000001 00000000 00000000 00000000 00000000 00000000
00D 008810001000 00000000 00000001 00000000 00000000 00000000 00000000 00000000 00000000 00000006 00000060 00000001 00000000 00000000 00000000 00000000 00000000
00E 0B0812008002 00000000 00000008 00000002 00000000 00000000 00000000 00000000 00000000 00000007 00000060 00000001 00000000 00000000 00000000 00000000 00000000
002 137100011000 00000000 00000011 00000000 00000000 00000000 00000000 00000000 00000000 00000007 00000060 00000001 00000000 00000000 00000000 00000000 00000000
003 090712000006 00000000 00000000 00000006 00000000 00000000 00000000 00000000 00000001 00000007 00000060 00000001 00000000 00000000 00000000 00000000 00000000
004 090712001002 00000000 00000001 00000002 00000000 00000000 00000000 00000000 00000001 00000007 00000060 00000001 00000000 00000000 00000000 00000000 00000000
002 137100011000 00000000 00000011 00000000 00000000 00000000 00000000 00000000 00000001 00000007 00000060 00000001 00000000 00000000 00000000 00000000 00000000
003 090712000006 00000000 00000000 00000006 00000000 00000000 00000000 00000000 00000000 00000007 00000060 00000001 00000000 00000000 00000000 00000000 00000000
006 090A12001008 00000000 00000001 00000008 00000000 00000000 00000000 00000000 00000000 00000007 00000060 00000001 00000000 00000000 00000000 00000000 00000000
008 029810010000 00000000 00000010 00000000 00000000 00000000 00000000 00000000 00000000 00000007 00000060 00000001 00000000 00000000 00000000 00000000 00000000
009 140109010000 00000000 00000010 00000000 00000000 00000000 00000000 00000000 00000000 00000007 00000070 00000001 00000000 00000000 00000000 00000000 00000000
00A 14010800f000 00000000 0000000F 00000000 00000000 00000000 00000000 00000000 00000000 00000007 00000070 00000001 00000000 00000000 00000000 00000000 00000000
00B 14010200e001 00000000 0000000E 00000001 00000000 00000000 00000000 00000000 00000000 00000007 00000070 00000001 00000000 00000000 00000000 00000000 00000000
00C 14010200e000 00000000 0000000E 00000000 00000000 00000000 00000000 00000000 00000000 00000007 00000070 00000001 00000000 00000000 00000000 00000000 00000000
00D 008810001000 00000000 00000001 00000000 00000000 00000000 00000000 00000000 00000000 00000007 00000070 00000001 00000000 00000000 00000000 00000000 00000000
00E 0B0812008002 00000000 00000008 00000002 00000000 00000000 00000000 00000000 00000000 00000008 00000070 00000001 00000000 00000000 00000000 00000000 00000000
00F 00A100002000 00000000 00000002 00000000 00000000 00000000 00000000 00000000 00000000 00000008 00000070 00000001 00000000 00000000 00000000 00000000 00000000
010 008100000000 00000000 00000000 00000000 00000000 00000000 00000000 00000000 00000000 00000008 00000070 00000002 00000000 00000000 00000000 00000000 00000000
011 090001002000 00000000 00000002 00000000 00000000 00000000 00000000 00000000 00000000 00000000 00000070 00000002 00000000 00000000 00000000 00000000 00000000
002 137100011000 00000000 00000011 00000000 00000000 00000000 00000000 00000000 00000000 00000000 00000070 00000002 00000000 00000000 00000000 00000000 00000000
003 090712000006 00000000 00000000 00000006 00000000 00000000 00000000 00000000 00000000 00000000 00000070 00000002 00000000 00000000 00000000 00000000 00000000
006 090A12001008 00000000 00000001 00000008 00000000 00000000 00000000 00000000 00000000 00000000 00000070 00000002 00000000 00000000 00000000 00000000 00000000
007 090A12002012 00000000 00000002 00000012 00000000 00000000 00000000 00000000 00000000 00000000 00000070 00000002 00000000 00000000 00000000 00000000 00000000
012 029810010000 00000000 00000010 00000000 00000000 00000000 00000000 00000000 00000000 00000000 00000070 00000002 00000000 00000000 00000000 00000000 00000000
013 140109010000 00000000 00000010 00000000 00000000 00000000 00000000 00000000 00000000 00000000 00000000 00000002 00000000 00000000 00000000 00000000 00000000
014 008810001000 00000000 00000001 00000000 00000000 00000000 00000000 00000000 00000000 00000000 00000000 00000002 00000000 00000000 00000000 00000000 00000000
015 14010800f000 00000000 0000000F 00000000 00000000 00000000 00000000 00000000 00000000 00000001 00000000 00000002 00000000 00000000 00000000 00000000 00000000
016 14010200e002 00000000 0000000E 00000002 00000000 00000000 00000000 00000000 00000000 00000001 00000000 00000002 00000000 00000000 00000000 00000000 00000000
017 14010200e000 00000000 0000000E 00000000 00000000 00000000 00000000 00000000 00000000 00000001 00000000 00000002 00000000 00000000 00000000 00000000 00000000
018 0B0812009002 00000000 00000009 00000002 00000000 00000000 00000000 00000000 00000000 00000001 00000000 00000002 00000000 00000000 00000000 00000000 00000000
002 137100011000 00000000 00000011 00000000 00000000 00000000 00000000 00000000 00000000 00000001 00000000 00000002 00000000 00000000 00000000 00000000 00000000
003 090712000006 00000000 00000000 00000006 00000000 00000000 00000000 00000000 00000001 00000001 00000000 00000002 00000000 00000000 00000000 00000000 00000000
004 090712001002 00000000 00000001 00000002 00000000 00000000 00000000 00000000 00000001 00000001 00000000 00000002 00000000 00000000 00000000 00000000 00000000
002 137100011000 00000000 00000011 00000000 00000000 00000000 00000000 00000000 00000001 00000001 00000000 00000002 00000000 00000000 00000000 00000000 00000000
003 090712000006 00000000 00000000 00000006 00000000 00000000 00000000 00000000 00000000 00000001 00000000 00000002 00000000 00000000 00000000 00000000 00000000
006 090A12001008 00000000 00000001 00000008 00000000 00000000 00000000 00000000 00000000 00000001 00000000 00000002 00000000 00000000 00000000 00000000 00000000
007 090A12002012 00000000 00000002 00000012 00000000 00000000 00000000 00000000 00000000 00000001 00000000 00000002 00000000 00000000 00000000 00000000 00000000
012 029810010000 00000000 00000010 00000000 00000000 00000000 00000000 00000000 00000000 00000001 00000000 00000002 00000000 00000000 00000000 00000000 00000000
013 140109010000 00000000 00000010 00000000 00000000 00000000 00000000 00000000 00000000 00000001 00000010 00000002 00000000 00000000 00000000 00000000 00000000
014 008810001000 00000000 00000001 00000000 00000000 00000000 00000000 00000000 00000000 00000001 00000010 00000002 00000000 00000000 00000000 00000000 00000000
015 14010800f000 00000000 0000000F 00000000 00000000 00000000 00000000 00000000 00000000 00000002 00000010 00000002 00000000 00000000 00000000 00000000 00000000
016 14010200e002 00000000 0000000E 00000002 00000000 00000000 00000000 00000000 00000000 00000002 00000010 00000002 00000000 00000000 00000000 00000000 00000000
017 14010200e000 00000000 0000000E 00000000 00000000 00000000 00000000 00000000 00000000 00000002 00000010 00000002 00000000 00000000 00000000 00000000 00000000
018 0B0812009002 00000000 00000009 00000002 00000000 00000000 00000000 00000000 00000000 00000002 00000010 00000002 00000000 00000000 00000000 00000000 00000000
002 137100011000 00000000 00000011 00000000 00000000 00000000 00000000 00000000 00000000 00000002 00000010 00000002 00000000 00000000 00000000 00000000 00000000
003 090712000006 00000000 00000000 00000006 00000000 00000000 00000000 00000000 00000001 00000002 00000010 00000002 00000000 00000000 00000000 00000000 00000000
004 090712001002 00000000 00000001 00000002 00000000 00000000 00000000 00000000 00000001 00000002 00000010 00000002 00000000 00000000 00000000 00000000 00000000
002 137100011000 00000000 00000011 00000000 00000000 00000000 00000000 00000000 00000001 00000002 00000010 00000002 00000000 00000000 00000000 00000000 00000000
003 090712000006 00000000 00000000 00000006 00000000 00000000 00000000 00000000 00000000 00000002 00000010 00000002 00000000 00000000 00000000 00000000 00000000
006 090A12001008 00000000 00000001 00000008 00000000 00000000 00000000 00000000 00000000 00000002 00000010 00000002 00000000 00000000 00000000 00000000 00000000
007 090A12002012 00000000 00000002 00000012 00000000 00000000 00000000 00000000 00000000 00000002 00000010 00000002 00000000 00000000 00000000 00000000 00000000
012 029810010000 00000000 00000010 00000000 00000000 00000000 00000000 00000000 00000000 00000002 00000010 00000002 00000000 00000000 00000000 00000000 00000000
013 140109010000 00000000 00000010 00000000 00000000 00000000 00000000 00000000 00000000 00000002 00000020 00000002 00000000 00000000 00000000 00000000 00000000
014 008810001000 00000000 00000001 00000000 00000000 00000000 00000000 00000000 00000000 00000002 00000020 00000002 00000000 00000000 00000000 00000000 00000000
015 14010800f000 00000000 0000000F 00000000 00000000 00000000 00000000 00000000 00000000 00000003 00000020 00000002 00000000 00000000 00000000 00000000 00000000
016 14010200e002 00000000 0000000E 00000002 00000000 00000000 00000000 00000000 00000000 00000003 00000020 00000002 00000000 00000000 00000000 00000000 00000000
017 14010200e000 00000000 0000000E 00000000 00000000 00000000 00000000 00000000 00000000 00000003 00000020 00000002 00000000 00000000 00000000 00000000 00000000
018 0B0812009002 00000000 00000009 00000002 00000000 00000000 00000000 00000000 00000000 00000003 00000020 00000002 00000000 00000000 00000000 00000000 00000000
002 137100011000 00000000 00000011 00000000 00000000 00000000 00000000 00000000 00000000 00000003 00000020 00000002 00000000 00000000 00000000 00000000 00000000
003 090712000006 00000000 00000000 00000006 00000000 00000000 00000000 00000000 00000001 00000003 00000020 00000002 00000000 00000000 00000000 00000000 00000000
004 090712001002 00000000 00000001 00000002 00000000 00000000 00000000 00000000 00000001 00000003 00000020 00000002 00000000 00000000 00000000 00000000 00000000
002 137100011000 00000000 00000011 00000000 00000000 00000000 00000000 00000000 00000001 00000003 00000020 00000002 00000000 00000000 00000000 00000000 00000000
003 090712000006 00000000 00000000 00000006 00000000 00000000 00000000 00000000 00000000 00000003 00000020 00000002 00000000 00000000 00000000 00000000 00000000
006 090A12001008 00000000 00000001 00000008 00000000 00000000 00000000 00000000 00000000 00000003 00000020 00000002 00000000 00000000 00000000 00000000 00000000
007 090A12002012 00000000 00000002 00000012 00000000 00000000 00000000 00000000 00000000 00000003 00000020 00000002 00000000 00000000 00000000 00000000 00000000
012 029810010000 00000000 00000010 00000000 00000000 00000000 00000000 00000000 00000000 00000003 00000020 00000002 00000000 00000000 00000000 00000000 00000000
013 140109010000 00000000 00000010 00000000 00000000 00000000 00000000 00000000 00000000 00000003 00000030 00000002 00000000 00000000 00000000 00000000 00000000
014 008810001000 00000000 00000001 00000000 00000000 00000000 00000000 00000000 00000000 00000003 00000030 00000002 00000000 00000000 00000000 00000000 00000000
015 14010800f000 00000000 0000000F 00000000 00000000 00000000 00000000 00000000 00000000 00000004 00000030 00000002 00000000 00000000 00000000 00000000 00000000
016 14010200e002 00000000 0000000E 00000002 00000000 00000000 00000000 00000000 00000000 00000004 00000030 00000002 00000000 00000000 00000000 00000000 00000000
017 14010200e000 00000000 0000000E 00000000 00000000 00000000 00000000 00000000 00000000 00000004 00000030 00000002 00000000 00000000 00000000 00000000 00000000
018 0B0812009002 00000000 00000009 00000002 00000000 00000000 00000000 00000000 00000000 00000004 00000030 00000002 00000000 00000000 00000000 00000000 00000000
002 137100011000 00000000 00000011 00000000 00000000 00000000 00000000 00000000 00000000 00000004 00000030 00000002 00000000 00000000 00000000 00000000 00000000
003 090712000006 00000000 00000000 00000006 00000000 00000000 00000000 00000000 00000001 00000004 00000030 00000002 00000000 00000000 00000000 00000000 00000000
004 090712001002 00000000 00000001 00000002 00000000 00000000 00000000 00000000 00000001 00000004 00000030 00000002 00000000 00000000 00000000 00000000 00000000
002 137100011000 00000000 00000011 00000000 00000000 00000000 00000000 00000000 00000001 00000004 00000030 00000002 00000000 00000000 00000000 00000000 00000000
003 090712000006 00000000 00000000 00000006 00000000 00000000 00000000 00000000 00000000 00000004 00000030 00000002 00000000 00000000 00000000 00000000 00000000
006 090A12001008 00000000 00000001 00000008 00000000 00000000 00000000 00000000 00000000 00000004 00000030 00000002 00000000 00000000 00000000 00000000 00000000
007 090A12002012 00000000 00000002 00000012 00000000 00000000 00000000 00000000 00000000 00000004 00000030 00000002 00000000 00000000 00000000 00000000 00000000
012 029810010000 00000000 00000010 00000000 00000000 00000000 00000000 00000000 00000000 00000004 00000030 00000002 00000000 00000000 00000000 00000000 00000000
013 140109010000 00000000 00000010 00000000 00000000 00000000 00000000 00000000 00000000 00000004 00000040 00000002 00000000 00000000 00000000 00000000 00000000
014 008810001000 00000000 00000001 00000000 00000000 00000000 00000000 00000000 00000000 00000004 00000040 00000002 00000000 00000000 00000000 00000000 00000000
015 14010800f000 00000000 0000000F 00000000 00000000 00000000 00000000 00000000 00000000 00000005 00000040 00000002 00000000 00000000 00000000 00000000 00000000
016 14010200e002 00000000 0000000E 00000002 00000000 00000000 00000000 00000000 00000000 00000005 00000040 00000002 00000000 00000000 00000000 00000000 00000000
017 14010200e000 00000000 0000000E 00000000 00000000 00000000 00000000 00000000 00000000 00000005 00000040 00000002 00000000 00000000 00000000 00000000 00000000
018 0B0812009002 00000000 00000009 00000002 00000000 00000000 00000000 00000000 00000000 00000005 00000040 00000002 00000000 00000000 00000000 00000000 00000000
002 137100011000 00000000 00000011 00000000 00000000 00000000 00000000 00000000 00000000 00000005 00000040 00000002 00000000 00000000 00000000 00000000 00000000
003 090712000006 00000000 00000000 00000006 00000000 00000000 00000000 00000000 00000001 00000005 00000040 00000002 00000000 00000000 00000000 00000000 00000000
004 090712001002 00000000 00000001 00000002 00000000 00000000 00000000 00000000 00000001 00000005 00000040 00000002 00000000 00000000 00000000 00000000 00000000
002 137100011000 00000000 00000011 00000000 00000000 00000000 00000000 00000000 00000001 00000005 00000040 00000002 00000000 00000000 00000000 00000000 00000000
003 090712000006 00000000 00000000 00000006 00000000 00000000 00000000 00000000 00000000 00000005 00000040 00000002 00000000 00000000 00000000 00000000 00000000
006 090A12001008 00000000 00000001 00000008 00000000 00000000 00000000 00000000 00000000 00000005 00000040 00000002 00000000 00000000 00000000 00000000 00000000
007 090A12002012 00000000 00000002 00000012 00000000 00000000 00000000 00000000 00000000 00000005 00000040 00000002 00000000 00000000 00000000 00000000 00000000
012 029810010000 00000000 00000010 00000000 00000000 00000000 00000000 00000000 00000000 00000005 00000040 00000002 00000000 00000000 00000000 00000000 00000000
013 140109010000 00000000 00000010 00000000 00000000 00000000 00000000 00000000 00000000 00000005 00000050 00000002 00000000 00000000 00000000 00000000 00000000
014 008810001000 00000000 00000001 00000000 00000000 00000000 00000000 00000000 00000000 00000005 00000050 00000002 00000000 00000000 00000000 00000000 00000000
015 14010800f000 00000000 0000000F 00000000 00000000 00000000 00000000 00000000 00000000 00000006 00000050 00000002 00000000 00000000 00000000 00000000 00000000
016 14010200e002 00000000 0000000E 00000002 00000000 00000000 00000000 00000000 00000000 00000006 00000050 00000002 00000000 00000000 00000000 00000000 00000000
017 14010200e000 00000000 0000000E 00000000 00000000 00000000 00000000 00000000 00000000 00000006 00000050 00000002 00000000 00000000 00000000 00000000 00000000
018 0B0812009002 00000000 00000009 00000002 00000000 00000000 00000000 00000000 00000000 00000006 00000050 00000002 00000000 00000000 00000000 00000000 00000000
002 137100011000 00000000 00000011 00000000 00000000 00000000 00000000 00000000 00000000 00000006 00000050 00000002 00000000 00000000 00000000 00000000 00000000
003 090712000006 00000000 00000000 00000006 00000000 00000000 00000000 00000000 00000001 00000006 00000050 00000002 00000000 00000000 00000000 00000000 00000000
004 090712001002 00000000 00000001 00000002 00000000 00000000 00000000 00000000 00000001 00000006 00000050 00000002 00000000 00000000 00000000 00000000 00000000
002 137100011000 00000000 00000011 00000000 00000000 00000000 00000000 00000000 00000001 00000006 00000050 00000002 00000000 00000000 00000000 00000000 00000000
003 090712000006 00000000 00000000 00000006 00000000 00000000 00000000 00000000 00000000 00000006 00000050 00000002 00000000 00000000 00000000 00000000 00000000
006 090A12001008 00000000 00000001 00000008 00000000 00000000 00000000 00000000 00000000 00000006 00000050 00000002 00000000 00000000 00000000 00000000 00000000
007 090A12002012 00000000 00000002 00000012 00000000 00000000 00000000 00000000 00000000 00000006 00000050 00000002 00000000 00000000 00000000 00000000 00000000
012 029810010000 00000000 00000010 00000000 00000000 00000000 00000000 00000000 00000000 00000006 00000050 00000002 00000000 00000000 00000000 00000000 00000000
013 140109010000 00000000 00000010 00000000 00000000 00000000 00000000 00000000 00000000 00000006 00000060 00000002 00000000 00000000 00000000 00000000 00000000
014 008810001000 00000000 00000001 00000000 00000000 00000000 00000000 00000000 00000000 00000006 00000060 00000002 00000000 00000000 00000000 00000000 00000000
015 14010800f000 00000000 0000000F 00000000 00000000 00000000 00000000 00000000 00000000 00000007 00000060 00000002 00000000 00000000 00000000 00000000 00000000
016 14010200e002 00000000 0000000E 00000002 00000000 00000000 00000000 00000000 00000000 00000007 00000060 00000002 00000000 00000000 00000000 00000000 00000000
017 14010200e000 00000000 0000000E 00000000 00000000 00000000 00000000 00000000 00000000 00000007 00000060 00000002 00000000 00000000 00000000 00000000 00000000
018 0B0812009002 00000000 00000009 00000002 00000000 00000000 00000000 00000000 00000000 00000007 00000060 00000002 00000000 00000000 00000000 00000000 00000000
002 137100011000 00000000 00000011 00000000 00000000 00000000 00000000 00000000 00000000 00000007 00000060 00000002 00000000 00000000 00000000 00000000 00000000
003 090712000006 00000000 00000000 00000006 00000000 00000000 00000000 00000000 00000001 00000007 00000060 00000002 00000000 00000000 00000000 00000000 00000000
004 090712001002 00000000 00000001 00000002 00000000 00000000 00000000 00000000 00000001 00000007 00000060 00000002 00000000 00000000 00000000 00000000 00000000
002 137100011000 00000000 00000011 00000000 00000000 00000000 00000000 00000000 00000001 00000007 00000060 00000002 00000000 00000000 00000000 00000000 00000000
003 090712000006 00000000 00000000 00000006 00000000 00000000 00000000 00000000 00000000 00000007 00000060 00000002 00000000 00000000 00000000 00000000 00000000
006 090A12001008 00000000 00000001 00000008 00000000 00000000 00000000 00000000 00000000 00000007 00000060 00000002 00000000 00000000 00000000 00000000 00000000
007 090A12002012 00000000 00000002 00000012 00000000 00000000 00000000 00000000 00000000 00000007 00000060 00000002 00000000 00000000 00000000 00000000 00000000
012 029810010000 00000000 00000010 00000000 00000000 00000000 00000000 00000000 00000000 00000007 00000060 00000002 00000000 00000000 00000000 00000000 00000000
013 140109010000 00000000 00000010 00000000 00000000 00000000 00000000 00000000 00000000 00000007 00000070 00000002 00000000 00000000 00000000 00000000 00000000
014 008810001000 00000000 00000001 00000000 00000000 00000000 00000000 00000000 00000000 00000007 00000070 00000002 00000000 00000000 00000000 00000000 00000000
015 14010800f000 00000000 0000000F 00000000 00000000 00000000 00000000 00000000 00000000 00000008 00000070 00000002 00000000 00000000 00000000 00000000 00000000
016 14010200e002 00000000 0000000E 00000002 00000000 00000000 00000000 00000000 00000000 00000008 00000070 00000002 00000000 00000000 00000000 00000000 00000000
017 14010200e000 00000000 0000000E 00000000 00000000 00000000 00000000 00000000 00000000 00000008 00000070 00000002 00000000 00000000 00000000 00000000 00000000
018 0B0812009002 00000000 00000009 00000002 00000000 00000000 00000000 00000000 00000000 00000008 00000070 00000002 00000000 00000000 00000000 00000000 00000000
002 137100011000 00000000 00000011 00000000 00000000 00000000 00000000 00000000 00000000 00000008 00000070 00000002 00000000 00000000 00000000 00000000 00000000
003 090712000006 00000000 00000000 00000006 00000000 00000000 00000000 00000000 00000001 00000008 00000070 00000002 00000000 00000000 00000000 00000000 00000000
004 090712001002 00000000 00000001 00000002 00000000 00000000 00000000 00000000 00000001 00000008 00000070 00000002 00000000 00000000 00000000 00000000 00000000
002 137100011000 00000000 00000011 00000000 00000000 00000000 00000000 00000000 00000001 00000008 00000070 00000002 00000000 00000000 00000000 00000000 00000000
003 090712000006 00000000 00000000 00000006 00000000 00000000 00000000 00000000 00000000 00000008 00000070 00000002 00000000 00000000 00000000 00000000 00000000
006 090A12001008 00000000 00000001 00000008 00000000 00000000 00000000 00000000 00000000 00000008 00000070 00000002 00000000 00000000 00000000 00000000 00000000
007 090A12002012 00000000 00000002 00000012 00000000 00000000 00000000 00000000 00000000 00000008 00000070 00000002 00000000 00000000 00000000 00000000 00000000
012 029810010000 00000000 00000010 00000000 00000000 00000000 00000000 00000000 00000000 00000008 00000070 00000002 00000000 00000000 00000000 00000000 00000000
013 140109010000 00000000 00000010 00000000 00000000 00000000 00000000 00000000 00000000 00000008 00000080 00000002 00000000 00000000 00000000 00000000 00000000
014 008810001000 00000000 00000001 00000000 00000000 00000000 00000000 00000000 00000000 00000008 00000080 00000002 00000000 00000000 00000000 00000000 00000000
015 14010800f000 00000000 0000000F 00000000 00000000 00000000 00000000 00000000 00000000 00000009 00000080 00000002 00000000 00000000 00000000 00000000 00000000
016 14010200e002 00000000 0000000E 00000002 00000000 00000000 00000000 00000000 00000000 00000009 00000080 00000002 00000000 00000000 00000000 00000000 00000000
017 14010200e000 00000000 0000000E 00000000 00000000 00000000 00000000 00000000 00000000 00000009 00000080 00000002 00000000 00000000 00000000 00000000 00000000
018 0B0812009002 00000000 00000009 00000002 00000000 00000000 00000000 00000000 00000000 00000009 00000080 00000002 00000000 00000000 00000000 00000000 00000000
019 150000000000 00000000 00000000 00000000 00000000 00000000 00000000 00000000 00000000 00000009 00000080 00000002 00000000 00000000 00000000 00000000 00000000
